63
27
98
0
3
93
33
31
82
97
37
95
37
42
36
84
42
11
44
95
69
0
89
8
35
75
52
46
16
95
65
52
44
60
85
34
44
18
31
5
9
22
75
96
86
28
32
13
55
82
12
20
40
10
6
20
55
11
11
14
82
0
54
62
99
65
53
82
86
13
56
75
70
1
69
78
71
78
5
10
76
23
35
54
96
10
23
54
2
60
36
87
99
73
64
19
92
66
85
7
10
20
74
92
6
45
96
0
45
58
49
12
79
97
97
11
63
89
29
42
69
81
58
3
9
51
70
4
98
71
76
63
43
79
16
91
66
2
79
78
74
19
79
43
29
43
45
9
38
4
53
35
28
68
33
74
45
94
67
95
6
88
39
54
27
16
2
100
83
67
47
30
67
55
2
51
58
72
38
61
72
19
20
80
56
21
64
26
68
94
40
93
86
39
23
91
17
53
69
72
18
85
33
54
60
34
62
89
93
23
71
22
24
42
93
39
46
7
6
40
75
44
31
73
41
53
97
53
88
55
93
37
51
90
73
7
8
75
68
84
3
70
76
65
77
74
67
15
17
98
57
3
85
52
6
98
30
45
47
46
34
62
44
57
70
88
19
48
49
64
47
40
52
70
91
60
54
47
85
13
69
85
54
16
78
76
93
65
58
99
54
83
59
9
46
50
92
13
84
9


