07
61
32
4
7
37
77
75
26
31
71
39
71
86
70
28
86
55
88
39
03
4
23
2
79
19
96
80
50
39
09
96
88
04
29
78
88
52
75
9
3
66
19
30
20
62
76
57
99
26
56
64
84
54
0
64
99
55
55
58
26
4
98
06
33
09
97
26
20
57
90
19
14
5
03
12
15
12
9
54
10
67
79
98
30
54
67
98
6
04
70
21
33
17
08
53
36
00
29
1
54
64
18
36
0
89
30
4
89
92
83
56
13
31
31
55
07
23
63
86
03
25
92
7
3
95
14
8
32
15
10
07
87
13
50
35
00
6
13
12
18
53
13
87
63
87
89
3
72
8
97
79
62
02
77
18
89
38
01
39
0
22
73
98
61
50
6
544
27
01
81
74
01
99
6
95
92
16
72
05
16
53
64
24
90
65
08
60
02
38
84
37
20
73
67
35
51
97
03
16
52
29
77
98
04
78
06
23
37
67
15
66
68
86
37
73
80
1
0
84
19
88
75
17
85
97
31
97
22
99
37
71
95
34
17
1
2
19
02
28
7
14
10
09
11
18
01
59
51
32
91
7
29
96
0
32
74
89
81
80
78
06
88
91
14
22
53
82
83
08
81
84
96
14
35
04
98
81
29
57
03
29
98
50
12
10
37
09
92
33
98
27
93
3
80
94
36
57
28
3

